      50   3.953616E+00
      51   3.831518E+00
      52   3.647339E+00
      53   3.616984E+00
      54   3.461167E+00
      55   3.319220E+00
      56   3.141483E+00
      57   3.069241E+00
      58   2.882346E+00
      59   2.830220E+00
      60   2.680742E+00
      61   2.508404E+00
      62   2.233658E+00
      63   2.085125E+00
      64   2.068145E+00
      65   1.966040E+00
      66   1.953159E+00
      67   2.002381E+00
      68   1.845866E+00
      69   1.919547E+00
      70   1.844504E+00
      71   1.656333E+00
      72   1.561043E+00
      73   1.417963E+00
      74   1.327600E+00
      75   1.228900E+00
      76   1.172216E+00
      77   1.089111E+00
      78   1.060416E+00
      79   1.032332E+00
      80   9.683212E-01
      81   9.630771E-01
      82   9.234177E-01
      83   9.110875E-01
      84   7.746502E-01
      85   7.577378E-01
      86   6.477441E-01
      87   5.309442E-01
      88   4.542143E-01
      89   4.286373E-01
      90   4.098913E-01
      91   3.488243E-01
      92   2.990976E-01
      93   2.793623E-01
      94   2.323524E-01
      95   1.871967E-01
      96   2.038101E-01
      97   1.489929E-01
      98   1.162154E-01
      99   1.138878E-01
     100   1.067410E-01
     101   7.272468E-02
     102   5.594322E-02
     103   6.207990E-02
     104   6.067229E-02
     105   5.781779E-02
     106   2.840334E-02
     107   2.746408E-02
     108   2.701888E-02
     109   2.400182E-02
     110   3.541696E-02
     111   3.314565E-02
     112   3.232695E-02
     113   3.220514E-02
     114   3.116065E-02
     115   3.096734E-02
     116   3.071467E-02
     117   7.798285E-02
     118   9.107054E-02
     119   1.545474E-02
     120   6.773014E-02
     121   8.886950E-02
     122   8.234290E-02
     123   7.086237E-02
     124   2.577123E-02
     125   2.536015E-02
     126   1.262450E-02
     127   7.352682E-03
     128   1.207380E-02
     129   6.412583E-03
     130   6.268066E-03
     131   6.204915E-03
     132   6.188452E-03
     133   6.181217E-03
     134   6.140655E-03
     135   7.455326E-03
     136   7.450765E-03
     137   1.362321E-02
     138   1.358958E-02
     139   1.383336E-02
     140   1.382588E-02
     141   2.698187E-02
     142   7.995786E-02
     143   3.173274E-02
     144   1.593232E-02
     145   2.344312E-02
     146   2.339545E-02
     147   2.338077E-02
     148   6.505088E-03
     149   6.478384E-03
     150   7.365560E-02
     151   8.587071E-02
     152   6.125184E-02
     153   2.523868E-02
     154   2.447656E-02
     155   7.947000E-03
     156   7.893137E-03
     157   9.113097E-03
     158   9.112696E-03
     159   9.050472E-03
     160   8.886355E-03
     161   8.859327E-03
     162   3.562409E-02
     163   7.029002E-03
     164   7.016439E-03
     165   7.006043E-03
     166   6.974540E-03
     167   6.855062E-03
     168   6.847245E-03
     169   6.835624E-03
     170   6.715628E-03
     171   2.357328E-02
     172   3.301049E-02
     173   3.742285E-02
     174   9.338675E-03
     175   9.221754E-03
     176   9.202531E-03
     177   9.165150E-03
     178   9.155252E-03
     179   8.847916E-03
     180   9.877021E-03
     181   2.598146E-02
     182   2.595904E-02
     183   1.800734E-02
     184   1.118391E-02
     185   2.797307E-02
     186   1.177794E-02
     187   1.173993E-02
     188   1.171209E-02
     189   2.483625E-02
     190   1.801764E-02
     191   1.799033E-02
     192   1.772154E-02
     193   3.409489E-02
     194   6.283946E-03
     195   6.268084E-03
     196   6.219850E-03
     197   6.187634E-03
     198   6.156467E-03
     199   6.156104E-03
     200   6.090353E-03
