37
0.000000 0.844000
10.000000 0.908000
20.000000 0.932000
30.000000 0.936000
40.000000 0.925000
50.000000 0.908000
60.000000 0.881000
70.000000 0.850000
80.000000 0.818000
90.000000 0.784000
100.000000 0.751000
110.000000 0.718000
120.000000 0.685000
130.000000 0.658000
140.000000 0.628000
150.000000 0.603000
160.000000 0.580000
170.000000 0.558000
180.000000 0.538000
190.000000 0.522000
200.000000 0.506000
210.000000 0.490000
220.000000 0.478000
230.000000 0.467000
240.000000 0.457000
250.000000 0.448000
260.000000 0.438000
270.000000 0.431000
280.000000 0.424000
290.000000 0.420000
300.000000 0.414000
310.000000 0.411000
320.000000 0.406000
231.228573 0.784238
144.108394 1.113189
253.235459 -0.007797
211.315688 0.032173
