100 9
1.000000 0.189600
1.141414 0.235279
1.282828 0.147738
1.424242 0.082930
1.565657 6.883451
1.707071 0.112869
1.848485 0.099535
1.989899 0.214831
2.131313 0.109694
2.272727 0.192522
2.414141 0.235940
2.555556 0.219049
2.696970 0.148427
2.838384 0.274853
2.979798 0.262578
3.121212 0.272677
3.262626 0.156392
3.404040 5.559922
3.545455 0.326050
3.686869 0.225113
3.828283 0.210772
3.969697 0.253209
4.111111 0.292903
4.252525 0.356220
4.393939 0.227082
4.535354 0.359382
4.676768 0.183954
4.818182 4.394242
4.959596 0.314707
5.101010 0.213462
5.242424 0.224659
5.383838 0.284663
5.525253 0.398278
5.666667 0.328373
5.808081 0.399846
5.949495 0.378135
6.090909 0.314707
6.232323 0.382098
6.373737 0.232576
6.515152 0.254650
6.656566 0.402469
6.797980 0.399660
6.939394 0.290490
7.080808 0.353734
7.222222 0.372356
7.363636 0.428228
7.505051 0.378784
7.646465 0.344116
7.787879 0.339835
7.929293 0.353529
8.070707 0.405530
8.212121 -0.006564
8.353535 0.387388
8.494949 0.357517
8.636364 0.367056
8.777778 0.481163
8.919192 0.507998
9.060606 0.378984
9.202020 0.385035
9.343434 0.504990
9.484848 0.430343
9.626263 0.581712
9.767677 0.495228
9.909091 0.479078
10.050505 0.652455
10.191919 0.520199
10.333333 0.563809
10.474747 0.558371
10.616162 3.101921
10.757576 0.576810
10.898990 0.607994
11.040404 0.657565
11.181818 0.660545
11.323232 0.796976
11.464646 1.942745
11.606061 0.820808
11.747475 0.840506
11.888889 0.915036
12.030303 1.029006
12.171717 1.067051
12.313131 0.951624
12.454545 1.029012
12.595960 1.093980
12.737374 1.155102
12.878788 3.802355
13.020202 7.910954
13.161616 1.325885
13.303030 1.475765
13.444444 1.600209
13.585859 1.621270
13.727273 1.886231
13.868687 1.864275
14.010101 2.192288
14.151515 2.204055
14.292929 2.559172
14.434343 2.814466
14.575758 3.121678
14.717172 0.995170
14.858586 3.882251
15.000000 4.424971
