1000 95
1.000000 0.202665
1.014014 0.124076
1.028028 0.226070
1.042042 0.166310
1.056056 0.801115
1.070070 0.214519
1.084084 0.136026
1.098098 0.067173
1.112112 0.070053
1.126126 0.177691
1.140140 0.050327
1.154154 0.098838
1.168168 0.070143
1.182182 0.131065
1.196196 0.126384
1.210210 0.148551
1.224224 0.100764
1.238238 -1.575808
1.252252 0.169033
1.266266 0.121557
1.280280 0.177737
1.294294 0.069859
1.308308 0.051535
1.322322 0.099092
1.336336 0.141395
1.350350 0.129551
1.364364 0.213447
1.378378 6.898776
1.392392 0.158771
1.406406 0.172032
1.420420 0.058341
1.434434 0.157645
1.448448 0.124228
1.462462 0.140160
1.476476 0.076603
1.490490 0.213749
1.504505 0.246305
1.518519 0.062915
1.532533 0.179373
1.546547 0.212503
1.560561 0.117330
1.574575 0.218513
1.588589 0.188105
1.602603 0.248098
1.616617 0.259097
1.630631 0.071994
1.644645 0.153141
1.658659 0.174178
1.672673 0.094755
1.686687 0.133288
1.700701 0.264185
1.714715 0.931318
1.728729 0.158401
1.742743 0.237051
1.756757 0.133920
1.770771 0.165719
1.784785 0.265986
1.798799 0.165968
1.812813 0.097793
1.826827 0.082568
1.840841 0.261920
1.854855 0.126611
1.868869 0.174874
1.882883 0.092812
1.896897 0.160012
1.910911 0.261910
1.924925 0.176979
1.938939 0.271330
1.952953 5.900708
1.966967 0.179222
1.980981 0.250822
1.994995 0.169169
2.009009 0.136018
2.023023 0.251816
2.037037 -2.907514
2.051051 0.188063
2.065065 0.277821
2.079079 0.120409
2.093093 0.143988
2.107107 0.090516
2.121121 0.163264
2.135135 0.125525
2.149149 0.222087
2.163163 0.122935
2.177177 -1.278427
2.191191 2.658640
2.205205 0.159481
2.219219 0.158796
2.233233 0.232960
2.247247 0.183497
2.261261 0.163038
2.275275 0.261886
2.289289 0.206334
2.303303 0.135291
2.317317 0.273123
2.331331 0.162214
2.345345 0.102058
2.359359 -1.013461
2.373373 0.120204
2.387387 0.143685
2.401401 0.245988
2.415415 0.123290
2.429429 0.259101
2.443443 0.285666
2.457457 0.220162
2.471471 0.241497
2.485485 0.242712
2.499499 0.299124
2.513514 -0.069921
2.527528 0.134267
2.541542 0.206095
2.555556 0.209476
2.569570 0.138972
2.583584 0.226574
2.597598 0.107339
2.611612 0.290608
2.625626 0.158550
2.639640 0.114106
2.653654 0.128402
2.667668 0.155359
2.681682 0.162647
2.695696 0.114983
2.709710 -0.153513
2.723724 0.148118
2.737738 1.693435
2.751752 0.187668
2.765766 0.178988
2.779780 0.177321
2.793794 0.130232
2.807808 0.117875
2.821822 0.153805
2.835836 0.265259
2.849850 0.312637
2.863864 0.300725
2.877878 0.216408
2.891892 6.139818
2.905906 0.179567
2.919920 0.271980
2.933934 0.270684
2.947948 3.148395
2.961962 0.297913
2.975976 0.206220
2.989990 0.273263
3.004004 0.281704
3.018018 0.182652
3.032032 0.307344
3.046046 0.140898
3.060060 0.321417
3.074074 0.277114
3.088088 -1.660009
3.102102 0.255404
3.116116 0.131524
3.130130 0.279254
3.144144 0.285590
3.158158 0.246755
3.172172 0.298172
3.186186 0.146902
3.200200 0.183036
3.214214 0.211211
3.228228 0.137390
3.242242 0.219065
3.256256 0.182986
3.270270 0.209011
3.284284 5.785243
3.298298 0.307387
3.312312 0.186091
3.326326 0.311289
3.340340 0.218252
3.354354 0.199136
3.368368 0.234592
3.382382 0.218153
3.396396 0.186593
3.410410 0.236168
3.424424 0.166504
3.438438 0.207042
3.452452 0.549089
3.466466 0.220358
3.480480 0.302968
3.494494 0.190039
3.508509 0.333157
3.522523 0.296654
3.536537 0.333734
3.550551 0.308348
3.564565 0.169646
3.578579 0.247021
3.592593 0.176228
3.606607 0.306380
3.620621 -2.565680
3.634635 0.196427
3.648649 0.330157
3.662663 0.167774
3.676677 0.258008
3.690691 0.289942
3.704705 0.158000
3.718719 0.266298
3.732733 0.310403
3.746747 0.161223
3.760761 0.250660
3.774775 0.200417
3.788789 0.281783
3.802803 0.173425
3.816817 0.337591
3.830831 0.329617
3.844845 0.188356
3.858859 7.443968
3.872873 0.269665
3.886887 0.296239
3.900901 0.241644
3.914915 0.184857
3.928929 0.174915
3.942943 0.354522
3.956957 0.246123
3.970971 0.330043
3.984985 0.252494
3.998999 0.340972
4.013013 0.174534
4.027027 0.180266
4.041041 0.343868
4.055055 0.347919
4.069069 0.221843
4.083083 0.230410
4.097097 0.250344
4.111111 0.243562
4.125125 0.198814
4.139139 0.340955
4.153153 0.212416
4.167167 5.502061
4.181181 0.176131
4.195195 0.170922
4.209209 0.294389
4.223223 0.231917
4.237237 0.295676
4.251251 0.183857
4.265265 0.355492
4.279279 0.315693
4.293293 0.341710
4.307307 0.194217
4.321321 0.231421
4.335335 3.014346
4.349349 0.275753
4.363363 0.228156
4.377377 0.181372
4.391391 0.243484
4.405405 0.221080
4.419419 0.247816
4.433433 0.210484
4.447447 0.223931
4.461461 0.297401
4.475475 0.250100
4.489489 0.242004
4.503504 0.280165
4.517518 0.328213
4.531532 0.250070
4.545546 0.292256
4.559560 0.368447
4.573574 0.280056
4.587588 0.358073
4.601602 0.335301
4.615616 4.642947
4.629630 0.263289
4.643644 0.317584
4.657658 0.375712
4.671672 0.270495
4.685686 0.197825
4.699700 0.292118
4.713714 0.205476
4.727728 0.330914
4.741742 0.282592
4.755756 0.326188
4.769770 1.363862
4.783784 0.276667
4.797798 0.305323
4.811812 5.234793
4.825826 0.352211
4.839840 0.357973
4.853854 0.191889
4.867868 0.296282
4.881882 0.228737
4.895896 0.357992
4.909910 0.316041
4.923924 5.413303
4.937938 0.224858
4.951952 0.255479
4.965966 0.328866
4.979980 0.229418
4.993994 0.207697
5.008008 5.135337
5.022022 0.342691
5.036036 0.230241
5.050050 0.249177
5.064064 0.385560
5.078078 5.845181
5.092092 0.314113
5.106106 4.081212
5.120120 0.252693
5.134134 0.201202
5.148148 0.339422
5.162162 0.202788
5.176176 0.195552
5.190190 0.340906
5.204204 0.385207
5.218218 0.347159
5.232232 0.290611
5.246246 0.293916
5.260260 0.284358
5.274274 0.262482
5.288288 0.302319
5.302302 0.284628
5.316316 0.318453
5.330330 0.378864
5.344344 0.398662
5.358358 0.215828
5.372372 0.277435
5.386386 0.237058
5.400400 0.271758
5.414414 0.259246
5.428428 0.237076
5.442442 0.355399
5.456456 0.302257
5.470470 0.387264
5.484484 0.210347
5.498498 0.217638
5.512513 0.285311
5.526527 0.221124
5.540541 0.258027
5.554555 0.403098
5.568569 0.248095
5.582583 0.246337
5.596597 0.321852
5.610611 0.307132
5.624625 0.324029
5.638639 0.283697
5.652653 0.374110
5.666667 0.236880
5.680681 0.295249
5.694695 0.347929
5.708709 4.344875
5.722723 0.284701
5.736737 -1.307086
5.750751 0.225423
5.764765 0.246062
5.778779 0.226229
5.792793 0.358379
5.806807 0.270817
5.820821 0.358355
5.834835 0.227286
5.848849 0.386916
5.862863 0.381912
5.876877 0.232990
5.890891 3.333343
5.904905 0.227259
5.918919 0.387124
5.932933 0.263736
5.946947 0.326846
5.960961 0.302836
5.974975 0.377087
5.988989 0.316156
6.003003 0.318903
6.017017 0.416983
6.031031 0.249583
6.045045 0.386091
6.059059 0.230692
6.073073 0.316263
6.087087 4.901055
6.101101 0.354558
6.115115 0.358948
6.129129 0.274958
6.143143 0.306398
6.157157 0.296388
6.171171 0.327748
6.185185 0.316292
6.199199 0.289613
6.213213 0.285716
6.227227 0.275176
6.241241 0.298400
6.255255 0.255764
6.269269 0.400581
6.283283 0.346968
6.297297 0.253684
6.311311 0.366082
6.325325 0.397225
6.339339 0.275581
6.353353 0.258575
6.367367 0.230559
6.381381 0.238666
6.395395 0.382046
6.409409 0.427412
6.423423 0.239330
6.437437 0.380346
6.451451 0.245482
6.465465 0.349914
6.479479 0.383079
6.493493 0.304081
6.507508 0.234803
6.521522 -1.802326
6.535536 0.431615
6.549550 0.285264
6.563564 0.272013
6.577578 0.259273
6.591592 0.345912
6.605606 0.354522
6.619620 0.394059
6.633634 0.386591
6.647648 0.414856
6.661662 0.397872
6.675676 0.286541
6.689690 0.348633
6.703704 0.297309
6.717718 0.304152
6.731732 0.424952
6.745746 0.375310
6.759760 0.434216
6.773774 -0.520335
6.787788 0.347518
6.801802 2.634543
6.815816 0.262219
6.829830 0.288467
6.843844 0.347018
6.857858 0.255329
6.871872 0.428510
6.885886 0.267349
6.899900 2.963717
6.913914 5.389098
6.927928 3.426206
6.941942 0.424083
6.955956 0.389528
6.969970 0.258472
6.983984 0.383477
6.997998 7.420473
7.012012 0.397296
7.026026 0.411824
7.040040 0.390212
7.054054 0.364135
7.068068 0.311749
7.082082 0.928799
7.096096 0.439363
7.110110 0.365829
7.124124 0.381548
7.138138 0.336460
7.152152 0.400613
7.166166 0.449276
7.180180 0.282173
7.194194 0.290929
7.208208 0.358688
7.222222 0.347428
7.236236 0.365818
7.250250 0.261670
7.264264 0.333061
7.278278 2.861689
7.292292 0.369944
7.306306 -0.175747
7.320320 0.397647
7.334334 0.382262
7.348348 0.412349
7.362362 7.930166
7.376376 0.362497
7.390390 0.376581
7.404404 0.275927
7.418418 0.310666
7.432432 0.361860
7.446446 0.431322
7.460460 0.392879
7.474474 0.275495
7.488488 0.376212
7.502503 0.302448
7.516517 0.405246
7.530531 0.424274
7.544545 0.377819
7.558559 0.377741
7.572573 0.327528
7.586587 0.349401
7.600601 0.433313
7.614615 0.405495
7.628629 0.365121
7.642643 0.335156
7.656657 0.271924
7.670671 0.290788
7.684685 0.301129
7.698699 0.337538
7.712713 0.452027
7.726727 0.364565
7.740741 0.310839
7.754755 0.285356
7.768769 0.332203
7.782783 5.709318
7.796797 0.341879
7.810811 0.420046
7.824825 0.426419
7.838839 0.288376
7.852853 0.388276
7.866867 0.458696
7.880881 0.347636
7.894895 0.277729
7.908909 0.452532
7.922923 0.444936
7.936937 0.372961
7.950951 0.379313
7.964965 0.311540
7.978979 0.433411
7.992993 0.369570
8.007007 0.277294
8.021021 0.408133
8.035035 0.462644
8.049049 0.439393
8.063063 0.330024
8.077077 0.286275
8.091091 0.464710
8.105105 0.465085
8.119119 0.385192
8.133133 0.408212
8.147147 7.688171
8.161161 0.365793
8.175175 7.908130
8.189189 0.303297
8.203203 0.331552
8.217217 0.453396
8.231231 0.316301
8.245245 0.333545
8.259259 4.524575
8.273273 0.333384
8.287287 0.324081
8.301301 0.405189
8.315315 0.367235
8.329329 0.419942
8.343343 0.478249
8.357357 0.327109
8.371371 0.480703
8.385385 0.479624
8.399399 0.466058
8.413413 0.427616
8.427427 0.426511
8.441441 0.431451
8.455455 0.442838
8.469469 0.309170
8.483483 5.761025
8.497497 0.425278
8.511512 0.465598
8.525526 0.385913
8.539540 0.314093
8.553554 0.414721
8.567568 0.415377
8.581582 0.402507
8.595596 0.384226
8.609610 0.367427
8.623624 0.424153
8.637638 0.394887
8.651652 0.515010
8.665666 7.982177
8.679680 0.387355
8.693694 0.383419
8.707708 0.434499
8.721722 0.426909
8.735736 0.457020
8.749750 0.519497
8.763764 2.644494
8.777778 0.470514
8.791792 0.338207
8.805806 0.386920
8.819820 0.428434
8.833834 0.343143
8.847848 0.404321
8.861862 0.475127
8.875876 0.490080
8.889890 0.445321
8.903904 0.464074
8.917918 0.423781
8.931932 0.354107
8.945946 4.094480
8.959960 0.479447
8.973974 0.548863
8.987988 0.354221
9.002002 0.463892
9.016016 0.503896
9.030030 0.520374
9.044044 0.465390
9.058058 0.481668
9.072072 0.498371
9.086086 0.532165
9.100100 0.386182
9.114114 0.548318
9.128128 0.369647
9.142142 0.533052
9.156156 0.382534
9.170170 0.407492
9.184184 0.370730
9.198198 0.460394
9.212212 0.439611
9.226226 0.407340
9.240240 0.465768
9.254254 2.678164
9.268268 0.531917
9.282282 0.558436
9.296296 0.511756
9.310310 0.407562
9.324324 -2.263666
9.338338 0.568238
9.352352 0.404778
9.366366 0.469864
9.380380 0.578463
9.394394 0.581569
9.408408 0.475158
9.422422 0.527884
9.436436 0.487248
9.450450 0.548091
9.464464 0.405222
9.478478 0.429250
9.492492 0.524778
9.506507 0.449975
9.520521 0.538207
9.534535 0.476781
9.548549 0.585411
9.562563 0.573487
9.576577 0.509762
9.590591 0.567340
9.604605 0.468562
9.618619 0.514766
9.632633 0.456998
9.646647 0.591273
9.660661 0.585310
9.674675 7.732917
9.688689 0.599416
9.702703 0.617462
9.716717 0.472840
9.730731 0.615175
9.744745 0.544697
9.758759 0.516605
9.772773 0.545840
9.786787 5.554903
9.800801 0.494817
9.814815 0.487051
9.828829 0.456963
9.842843 0.541488
9.856857 5.009040
9.870871 0.571623
9.884885 -0.699524
9.898899 0.534760
9.912913 0.543658
9.926927 0.494378
9.940941 0.618862
9.954955 0.495712
9.968969 0.601129
9.982983 0.611578
9.996997 6.630052
10.011011 0.635746
10.025025 0.523173
10.039039 0.643097
10.053053 3.169906
10.067067 0.630170
10.081081 0.605172
10.095095 -1.342673
10.109109 0.674575
10.123123 0.561851
10.137137 0.642473
10.151151 0.630486
10.165165 0.574034
10.179179 0.670749
10.193193 0.566152
10.207207 0.602277
10.221221 0.512299
10.235235 0.538201
10.249249 0.663131
10.263263 0.576257
10.277277 0.577727
10.291291 5.628220
10.305305 0.601190
10.319319 0.666025
10.333333 0.685898
10.347347 0.522901
10.361361 0.625865
10.375375 0.606389
10.389389 0.637835
10.403403 0.606487
10.417417 0.598825
10.431431 0.615547
10.445445 0.639655
10.459459 0.625547
10.473473 0.621886
10.487487 0.693141
10.501502 0.680831
10.515516 0.602115
10.529530 6.069577
10.543544 0.708880
10.557558 3.773429
10.571572 0.659040
10.585586 0.601760
10.599600 0.694738
10.613614 0.596877
10.627628 0.685629
10.641642 0.604614
10.655656 0.658070
10.669670 0.747834
10.683684 0.636642
10.697698 0.737816
10.711712 0.762357
10.725726 0.742250
10.739740 0.602778
10.753754 0.735873
10.767768 0.580720
10.781782 0.655313
10.795796 0.753174
10.809810 0.719165
10.823824 0.690363
10.837838 0.663801
10.851852 0.751114
10.865866 0.733006
10.879880 0.687229
10.893894 0.774511
10.907908 0.644484
10.921922 0.635067
10.935936 0.732057
10.949950 0.800417
10.963964 0.658005
10.977978 0.661038
10.991992 0.641567
11.006006 0.788359
11.020020 0.664119
11.034034 0.722083
11.048048 0.822244
11.062062 0.629135
11.076076 0.740656
11.090090 0.734484
11.104104 0.796198
11.118118 6.918142
11.132132 0.722189
11.146146 0.676438
11.160160 6.544437
11.174174 0.805298
11.188188 -2.027388
11.202202 0.732618
11.216216 0.835317
11.230230 0.660104
11.244244 7.326197
11.258258 0.776274
11.272272 0.734961
11.286286 0.429008
11.300300 0.765954
11.314314 0.713180
11.328328 0.785746
11.342342 0.824124
11.356356 0.800825
11.370370 2.311733
11.384384 0.860666
11.398398 0.729816
11.412412 -1.914093
11.426426 0.773062
11.440440 0.860593
11.454454 0.748407
11.468468 0.747616
11.482482 0.812839
11.496496 0.723190
11.510511 0.764852
11.524525 0.867805
11.538539 0.893709
11.552553 0.745639
11.566567 0.909168
11.580581 0.895547
11.594595 0.913293
11.608609 0.882375
11.622623 -2.749178
11.636637 0.854439
11.650651 0.883376
11.664665 0.940061
11.678679 1.490815
11.692693 0.826299
11.706707 0.781124
11.720721 6.502942
11.734735 0.862729
11.748749 3.277510
11.762763 0.949036
11.776777 0.982616
11.790791 0.820400
11.804805 0.951598
11.818819 0.972857
11.832833 0.808849
11.846847 6.526799
11.860861 0.877496
11.874875 0.940047
11.888889 0.916940
11.902903 0.869907
11.916917 0.848858
11.930931 0.849085
11.944945 0.850268
11.958959 0.961097
11.972973 0.907784
11.986987 0.884819
12.001001 0.983888
12.015015 0.986927
12.029029 0.961466
12.043043 1.044728
12.057057 0.938953
12.071071 1.033205
12.085085 0.885253
12.099099 1.022414
12.113113 2.056623
12.127127 -1.742048
12.141141 1.003233
12.155155 5.539450
12.169169 0.966683
12.183183 1.036333
12.197197 1.058958
12.211211 1.109000
12.225225 1.012356
12.239239 0.930667
12.253253 1.042154
12.267267 0.951399
12.281281 0.981193
12.295295 1.002676
12.309309 1.087843
12.323323 0.983151
12.337337 0.984329
12.351351 4.998500
12.365365 2.015388
12.379379 1.104468
12.393393 0.978695
12.407407 0.981341
12.421421 1.092433
12.435435 1.042261
12.449449 1.110195
12.463463 1.082906
12.477477 1.185824
12.491491 -0.065778
12.505506 1.147469
12.519520 1.027752
12.533534 1.213459
12.547548 1.223827
12.561562 4.875447
12.575576 1.131627
12.589590 1.088105
12.603604 1.212177
12.617618 1.202558
12.631632 1.105338
12.645646 1.156898
12.659660 1.164970
12.673674 1.243496
12.687688 1.220836
12.701702 1.218604
12.715716 1.225889
12.729730 1.156021
12.743744 1.182326
12.757758 1.123224
12.771772 5.847836
12.785786 1.213067
12.799800 1.220385
12.813814 1.188133
12.827828 7.723751
12.841842 1.269443
12.855856 1.204884
12.869870 1.177768
12.883884 1.325039
12.897898 1.253503
12.911912 1.260988
12.925926 1.277998
12.939940 1.361598
12.953954 1.269675
12.967968 1.364098
12.981982 1.407447
12.995996 1.358824
13.010010 1.320167
13.024024 1.390636
13.038038 1.339973
13.052052 1.338665
13.066066 1.368292
13.080080 1.334307
13.094094 1.299213
13.108108 1.369007
13.122122 1.318557
13.136136 1.383698
13.150150 1.420898
13.164164 5.499388
13.178178 1.332794
13.192192 1.457980
13.206206 2.777723
13.220220 1.354265
13.234234 1.408511
13.248248 1.390771
13.262262 1.418993
13.276276 1.439197
13.290290 1.473281
13.304304 1.507656
13.318318 1.410967
13.332332 1.452158
13.346346 1.447607
13.360360 1.548034
13.374374 1.513219
13.388388 1.566489
13.402402 1.510680
13.416416 1.480770
13.430430 1.673911
13.444444 1.517120
13.458458 1.530759
13.472472 1.544735
13.486486 1.721832
13.500501 1.659374
13.514515 4.970315
13.528529 1.754060
13.542543 1.585026
13.556557 1.772978
13.570571 1.629744
13.584585 1.724545
13.598599 1.695065
13.612613 1.699087
13.626627 1.819927
13.640641 -2.146404
13.654655 1.856262
13.668669 1.744468
13.682683 1.810335
13.696697 1.886243
13.710711 1.716412
13.724725 1.901845
13.738739 1.843369
13.752753 1.883376
13.766767 1.785183
13.780781 1.875036
13.794795 1.916239
13.808809 1.886131
13.822823 1.839397
13.836837 5.074714
13.850851 2.006842
13.864865 1.856912
13.878879 2.006029
13.892893 3.290352
13.906907 1.894804
13.920921 1.940335
13.934935 2.057975
13.948949 1.950370
13.962963 2.071764
13.976977 2.106255
13.990991 2.102951
14.005005 2.074449
14.019019 2.157186
14.033033 2.153139
14.047047 2.092595
14.061061 2.180725
14.075075 2.261757
14.089089 2.236274
14.103103 2.215057
14.117117 2.203071
14.131131 2.174257
14.145145 2.224609
14.159159 2.196807
14.173173 2.411071
14.187187 2.277715
14.201201 2.415970
14.215215 2.306811
14.229229 2.350207
14.243243 2.397872
14.257257 2.400162
14.271271 2.516356
14.285285 2.569979
14.299299 2.575613
14.313313 2.453751
14.327327 2.601231
14.341341 2.498726
14.355355 2.675453
14.369369 2.620399
14.383383 2.608563
14.397397 2.597583
14.411411 2.593870
14.425425 2.666879
14.439439 2.826337
14.453453 2.829706
14.467467 2.891421
14.481481 2.745325
14.495495 2.871835
14.509510 2.833587
14.523524 2.920049
14.537538 2.905417
14.551552 2.928463
14.565566 3.017577
14.579580 2.971122
14.593594 3.060566
14.607608 -2.568140
14.621622 3.058907
14.635636 3.253681
14.649650 3.203709
14.663664 3.302207
14.677678 3.305577
14.691692 3.354072
14.705706 3.393381
14.719720 3.464092
14.733734 3.451571
14.747748 3.425163
14.761762 3.431010
14.775776 3.574900
14.789790 3.510447
14.803804 3.589982
14.817818 3.599467
14.831832 5.725180
14.845846 3.713921
14.859860 3.852942
14.873874 3.939260
14.887888 3.996955
14.901902 3.947295
14.915916 4.049349
14.929930 4.107751
14.943944 4.146792
14.957958 4.241839
14.971972 5.960961
14.985986 4.428726
15.000000 4.316090
