Bard_ref
2 3 19 4
-1.0000000000000000e+01 1.0000000000000001e-01 1.0000000000000001e-01
1.0000000000000000e+01 1.0000000000000000e+01 1.0000000000000000e+01
1.0000000000000000e+00 1.0000000000000000e+00 1.0000000000000000e+00
1.0000000000000000e+00 1.0000000000000000e+00 1.0000000000000000e+00
1.0000000000000000e+00 1.0000000000000000e+00 1.0000000000000000e+00
1.0000000000000000e+00 1.4000000000000001e-01
2.0000000000000000e+00 1.7999999999999999e-01
3.0000000000000000e+00 2.2000000000000000e-01
4.0000000000000000e+00 2.5000000000000000e-01
5.0000000000000000e+00 2.8999999999999998e-01
6.0000000000000000e+00 3.2000000000000001e-01
7.0000000000000000e+00 3.4999999999999998e-01
8.0000000000000000e+00 3.9000000000000001e-01
9.0000000000000000e+00 3.7000000000000000e-01
1.0000000000000000e+01 5.7999999999999996e-01
1.1000000000000000e+01 7.2999999999999998e-01
1.2000000000000000e+01 9.5999999999999996e-01
1.3000000000000000e+01 1.3400000000000001e+00
1.4000000000000000e+01 2.1000000000000001e+00
1.5000000000000000e+01 4.3899999999999997e+00
1.1287473000000000e+01 2.3655130000000000e+00
7.2665410000000001e+00 2.8279049999999999e+00
1.2303175000000000e+01 -1.2214970000000001e+00
1.0368416000000000e+01 -1.6740990000000000e+00
16
17
18
19
