ENSO_10
11 9 168 17
4.5000000000000000e+00 1.4618935957500001e+00 2.3359930886500002e-01 4.0000000000000000e+00 -2.4347142879000003e+00 -1.9500000000000002e+00 2.5000000000000000e+00 -4.4999999999999996e-01 6.4999999999999991e-01
1.6500000000000000e+01 4.6143192127499999e+00 7.9920207340499994e-01 6.6466633049999999e+01 1.1157142930000008e-01 1.1755449375600000e+00 4.0331421660000004e+01 3.6232288487999997e-01 2.2500000000000000e+00
1.1000000000000000e+01 3.0000000000000000e+00 5.0000000000000000e-01 4.0000000000000000e+01 -6.9999999999999996e-01 -1.3000000000000000e+00 2.5000000000000000e+01 -2.9999999999999999e-01 1.3999999999999999e+00
1.0000000000000000e+01 3.0000000000000000e+00 5.0000000000000000e-01 4.4000000000000000e+01 -1.5000000000000000e+00 5.0000000000000000e-01 2.6000000000000000e+01 -1.0000000000000001e-01 1.5000000000000000e+00
1.0510749193000001e+01 3.0762128084999998e+00 5.3280138226999996e-01 4.4311088699999999e+01 -1.6231428586000001e+00 5.2554493755999998e-01 2.6887614440000000e+01 2.1232288488000001e-01 1.4966870418000000e+00
1.0000000000000000e+00 3.9462383355690818e+01
2.0000000000000000e+00 1.1300000000000001e+01
3.0000000000000000e+00 -1.4596682004402682e+01
4.0000000000000000e+00 1.1199999999999999e+01
5.0000000000000000e+00 1.0900000000000000e+01
6.0000000000000000e+00 7.5000000000000000e+00
7.0000000000000000e+00 7.7000000000000002e+00
8.0000000000000000e+00 1.1699999999999999e+01
9.0000000000000000e+00 1.2900000000000000e+01
1.0000000000000000e+01 3.9015025774326347e+01
1.1000000000000000e+01 1.0900000000000000e+01
1.2000000000000000e+01 1.3699999999999999e+01
1.3000000000000000e+01 1.7100000000000001e+01
1.4000000000000000e+01 1.4000000000000000e+01
1.5000000000000000e+01 1.5300000000000001e+01
1.6000000000000000e+01 8.5000000000000000e+00
1.7000000000000000e+01 5.7000000000000002e+00
1.8000000000000000e+01 5.5000000000000000e+00
1.9000000000000000e+01 7.5999999999999996e+00
2.0000000000000000e+01 8.5999999999999996e+00
2.1000000000000000e+01 7.2999999999999998e+00
2.2000000000000000e+01 7.5999999999999996e+00
2.3000000000000000e+01 1.2699999999999999e+01
2.4000000000000000e+01 1.1000000000000000e+01
2.5000000000000000e+01 1.2699999999999999e+01
2.6000000000000000e+01 1.2900000000000000e+01
2.7000000000000000e+01 1.3000000000000000e+01
2.8000000000000000e+01 1.0900000000000000e+01
2.9000000000000000e+01 1.0400000000000000e+01
3.0000000000000000e+01 1.0199999999999999e+01
3.1000000000000000e+01 8.0000000000000000e+00
3.2000000000000000e+01 1.0900000000000000e+01
3.3000000000000000e+01 1.3600000000000000e+01
3.4000000000000000e+01 1.0500000000000000e+01
3.5000000000000000e+01 9.1999999999999993e+00
3.6000000000000000e+01 1.2400000000000000e+01
3.7000000000000000e+01 1.2699999999999999e+01
3.8000000000000000e+01 1.3300000000000001e+01
3.9000000000000000e+01 1.0100000000000000e+01
4.0000000000000000e+01 7.7999999999999998e+00
4.1000000000000000e+01 4.7999999999999998e+00
4.2000000000000000e+01 3.0000000000000000e+00
4.3000000000000000e+01 2.5000000000000000e+00
4.4000000000000000e+01 6.2999999999999998e+00
4.5000000000000000e+01 9.6999999999999993e+00
4.6000000000000000e+01 1.1600000000000000e+01
4.7000000000000000e+01 8.5999999999999996e+00
4.8000000000000000e+01 -1.3440193089859934e+01
4.9000000000000000e+01 1.0500000000000000e+01
5.0000000000000000e+01 1.3300000000000001e+01
5.1000000000000000e+01 1.0400000000000000e+01
5.2000000000000000e+01 3.2966710359587147e+01
5.3000000000000000e+01 3.7000000000000002e+00
5.4000000000000000e+01 1.0699999999999999e+01
5.5000000000000000e+01 5.0999999999999996e+00
5.6000000000000000e+01 1.0400000000000000e+01
5.7000000000000000e+01 1.0900000000000000e+01
5.8000000000000000e+01 1.1699999999999999e+01
5.9000000000000000e+01 1.1400000000000000e+01
6.0000000000000000e+01 1.3699999999999999e+01
6.1000000000000000e+01 1.4100000000000000e+01
6.2000000000000000e+01 -1.0778260919258045e+01
6.3000000000000000e+01 1.2500000000000000e+01
6.4000000000000000e+01 3.3019233290426527e+01
6.5000000000000000e+01 9.5999999999999996e+00
6.6000000000000000e+01 1.1699999999999999e+01
6.7000000000000000e+01 5.0000000000000000e+00
6.8000000000000000e+01 1.0800000000000001e+01
6.9000000000000000e+01 -1.3228227388105083e+01
7.0000000000000000e+01 1.0800000000000001e+01
7.1000000000000000e+01 1.1800000000000001e+01
7.2000000000000000e+01 1.2600000000000000e+01
7.3000000000000000e+01 1.5699999999999999e+01
7.4000000000000000e+01 1.2600000000000000e+01
7.5000000000000000e+01 1.4800000000000001e+01
7.6000000000000000e+01 7.7999999999999998e+00
7.7000000000000000e+01 7.0999999999999996e+00
7.8000000000000000e+01 1.1199999999999999e+01
7.9000000000000000e+01 3.4858221805996614e+01
8.0000000000000000e+01 6.4000000000000004e+00
8.1000000000000000e+01 5.2000000000000002e+00
8.2000000000000000e+01 1.2000000000000000e+01
8.3000000000000000e+01 1.0199999999999999e+01
8.4000000000000000e+01 1.2699999999999999e+01
8.5000000000000000e+01 1.0199999999999999e+01
8.6000000000000000e+01 1.4699999999999999e+01
8.7000000000000000e+01 1.2199999999999999e+01
8.8000000000000000e+01 7.0999999999999996e+00
8.9000000000000000e+01 5.7000000000000002e+00
9.0000000000000000e+01 6.7000000000000002e+00
9.1000000000000000e+01 3.8999999999999999e+00
9.2000000000000000e+01 8.5000000000000000e+00
9.3000000000000000e+01 8.3000000000000007e+00
9.4000000000000000e+01 1.0800000000000001e+01
9.5000000000000000e+01 1.6699999999999999e+01
9.6000000000000000e+01 1.2600000000000000e+01
9.7000000000000000e+01 1.2500000000000000e+01
9.8000000000000000e+01 1.2500000000000000e+01
9.9000000000000000e+01 -1.6653867720619790e+01
1.0000000000000000e+02 7.2000000000000002e+00
1.0100000000000000e+02 2.9233253084550192e+01
1.0200000000000000e+02 1.0600000000000000e+01
1.0300000000000000e+02 1.0100000000000000e+01
1.0400000000000000e+02 1.0100000000000000e+01
1.0500000000000000e+02 1.1900000000000000e+01
1.0600000000000000e+02 1.3600000000000000e+01
1.0700000000000000e+02 1.6300000000000001e+01
1.0800000000000000e+02 1.7600000000000001e+01
1.0900000000000000e+02 1.5500000000000000e+01
1.1000000000000000e+02 1.6000000000000000e+01
1.1100000000000000e+02 1.5199999999999999e+01
1.1200000000000000e+02 1.1199999999999999e+01
1.1300000000000000e+02 1.4300000000000001e+01
1.1400000000000000e+02 1.4500000000000000e+01
1.1500000000000000e+02 8.5000000000000000e+00
1.1600000000000000e+02 1.2000000000000000e+01
1.1700000000000000e+02 1.2699999999999999e+01
1.1800000000000000e+02 1.1300000000000001e+01
1.1900000000000000e+02 1.4500000000000000e+01
1.2000000000000000e+02 1.5100000000000000e+01
1.2100000000000000e+02 1.0400000000000000e+01
1.2200000000000000e+02 1.1500000000000000e+01
1.2300000000000000e+02 1.3400000000000000e+01
1.2400000000000000e+02 7.5000000000000000e+00
1.2500000000000000e+02 5.9999999999999998e-01
1.2600000000000000e+02 -2.6079083111815908e+01
1.2700000000000000e+02 5.5000000000000000e+00
1.2800000000000000e+02 3.0131064288687970e+01
1.2900000000000000e+02 -2.1813203962110805e+01
1.3000000000000000e+02 8.1999999999999993e+00
1.3100000000000000e+02 9.9000000000000004e+00
1.3200000000000000e+02 9.1999999999999993e+00
1.3300000000000000e+02 1.2500000000000000e+01
1.3400000000000000e+02 1.0900000000000000e+01
1.3500000000000000e+02 9.9000000000000004e+00
1.3600000000000000e+02 8.9000000000000004e+00
1.3700000000000000e+02 7.5999999999999996e+00
1.3800000000000000e+02 9.5000000000000000e+00
1.3900000000000000e+02 8.4000000000000004e+00
1.4000000000000000e+02 3.6609586376271217e+01
1.4100000000000000e+02 1.3600000000000000e+01
1.4200000000000000e+02 -1.2687671232576232e+01
1.4300000000000000e+02 1.3699999999999999e+01
1.4400000000000000e+02 4.1466159231349536e+01
1.4500000000000000e+02 1.6800000000000001e+01
1.4600000000000000e+02 1.7100000000000001e+01
1.4700000000000000e+02 1.5400000000000000e+01
1.4800000000000000e+02 9.5000000000000000e+00
1.4900000000000000e+02 6.0999999999999996e+00
1.5000000000000000e+02 1.0100000000000000e+01
1.5100000000000000e+02 9.3000000000000007e+00
1.5200000000000000e+02 5.2999999999999998e+00
1.5300000000000000e+02 1.1199999999999999e+01
1.5400000000000000e+02 1.6600000000000001e+01
1.5500000000000000e+02 1.5600000000000000e+01
1.5600000000000000e+02 1.2000000000000000e+01
1.5700000000000000e+02 1.1500000000000000e+01
1.5800000000000000e+02 8.5999999999999996e+00
1.5900000000000000e+02 1.3800000000000001e+01
1.6000000000000000e+02 8.6999999999999993e+00
1.6100000000000000e+02 8.5999999999999996e+00
1.6200000000000000e+02 8.5999999999999996e+00
1.6300000000000000e+02 8.6999999999999993e+00
1.6400000000000000e+02 1.2800000000000001e+01
1.6500000000000000e+02 1.3199999999999999e+01
1.6600000000000000e+02 1.4000000000000000e+01
1.6700000000000000e+02 1.3400000000000000e+01
1.6800000000000000e+02 1.4800000000000001e+01
1
3
10
48
52
62
64
69
79
99
101
126
128
129
140
142
144
