Kirby2_10
9 5 151 15
5.0000000000000000e-01 -2.2499999999999998e-01 1.0000000000000000e-03 -2.5862717804999999e-03 1.0000000000000002e-06
3.0000000000000000e+00 -2.5000000000000008e-02 4.5000000000000005e-03 -1.0000000000000000e-04 3.2497203867000000e-05
2.0000000000000000e+00 -1.0000000000000001e-01 3.0000000000000001e-03 -1.0000000000000000e-03 1.0000000000000001e-05
1.5000000000000000e+00 -1.4999999999999999e-01 2.5000000000000001e-03 -1.5000000000000000e-03 2.0000000000000002e-05
1.6745063063000001e+00 -1.3927397866999999e-01 2.5961181191000000e-03 -1.7241811870000001e-03 2.1664802578000001e-05
9.6500000000000004e+00 8.2000000000000007e-03
1.0740000000000000e+01 1.1200000000000000e-02
1.1810000000000000e+01 1.4900000000000000e-02
1.2880000000000001e+01 1.9800000000000002e-02
1.4060000000000000e+01 2.4799999999999999e-02
1.5279999999999999e+01 3.2399999999999998e-02
1.6629999999999999e+01 4.2000000000000003e-02
1.8190000000000001e+01 5.4899999999999997e-02
1.9879999999999999e+01 7.1900000000000006e-02
2.1840000000000000e+01 9.6299999999999997e-02
2.4000000000000000e+01 3.1811780042151337e+01
2.6250000000000000e+01 1.7100000000000001e-01
2.8859999999999999e+01 2.3139999999999999e-01
3.1850000000000001e+01 3.2269999999999999e-01
3.5789999999999999e+01 4.8089999999999999e-01
4.0180000000000000e+01 7.0840000000000003e-01
4.4740000000000002e+01 1.0220000000000000e+00
4.9530000000000001e+01 1.4580000000000000e+00
5.3939999999999998e+01 1.9520000000000000e+00
5.8289999999999999e+01 2.5409999999999999e+00
6.2630000000000003e+01 3.2229999999999999e+00
6.7030000000000001e+01 3.9990000000000001e+00
7.1250000000000000e+01 4.8520000000000003e+00
7.5219999999999999e+01 5.7320000000000002e+00
7.9329999999999998e+01 6.7270000000000003e+00
8.3560000000000002e+01 7.8350000000000000e+00
8.7750000000000000e+01 9.0250000000000004e+00
9.1930000000000007e+01 1.0266999999999999e+01
9.6099999999999994e+01 -2.1478760566247150e+01
1.0028000000000000e+02 1.2944000000000001e+01
1.0445999999999999e+02 1.4377000000000001e+01
1.0866000000000000e+02 1.5856000000000000e+01
1.1270999999999999e+02 1.7331000000000000e+01
1.1688000000000000e+02 1.8885000000000002e+01
1.2133000000000000e+02 2.0574999999999999e+01
1.2579000000000001e+02 2.2320000000000000e+01
1.2579000000000001e+02 5.9869063937444793e+01
1.2874000000000001e+02 2.3460000000000001e+01
1.3027000000000001e+02 3.9315381295356815e+00
1.3333000000000001e+02 2.5271999999999998e+01
1.3478999999999999e+02 2.5853000000000002e+01
1.3793000000000001e+02 2.7109999999999999e+01
1.3933000000000001e+02 2.7658000000000001e+01
1.4246000000000001e+02 2.8923999999999999e+01
1.4390000000000001e+02 2.9510999999999999e+01
1.4691000000000000e+02 3.0710000000000001e+01
1.4850999999999999e+02 3.1350000000000001e+01
1.5141000000000000e+02 3.2520000000000003e+01
1.5316999999999999e+02 3.3229999999999997e+01
1.5597000000000000e+02 3.4329999999999998e+01
1.5775999999999999e+02 6.3214756037597937e+01
1.6056000000000000e+02 3.6170000000000002e+01
1.6230000000000001e+02 3.6840000000000003e+01
1.6521000000000001e+02 3.8009999999999998e+01
1.6690000000000001e+02 3.8670000000000002e+01
1.6991999999999999e+02 3.9869999999999997e+01
1.7031999999999999e+02 4.0030000000000001e+01
1.7153999999999999e+02 4.0500000000000000e+01
1.7378999999999999e+02 4.1369999999999997e+01
1.7456999999999999e+02 4.1670000000000002e+01
1.7625000000000000e+02 4.2310000000000002e+01
1.7734000000000000e+02 4.2729999999999997e+01
1.7919000000000000e+02 4.3460000000000001e+01
1.8102000000000001e+02 4.4140000000000001e+01
1.8208000000000001e+02 4.4549999999999997e+01
1.8388000000000000e+02 4.5219999999999999e+01
1.8575000000000000e+02 4.5920000000000002e+01
1.8680000000000001e+02 4.6299999999999997e+01
1.8863000000000000e+02 4.7000000000000000e+01
1.9044999999999999e+02 4.7680000000000000e+01
1.9147999999999999e+02 4.8060000000000002e+01
1.9334999999999999e+02 4.8740000000000002e+01
1.9522000000000000e+02 4.9409999999999997e+01
1.9622999999999999e+02 1.1361097221194314e+01
1.9805000000000001e+02 7.6100598947495001e+01
1.9997000000000000e+02 5.1109999999999999e+01
2.0106000000000000e+02 5.1500000000000000e+01
2.0283000000000001e+02 2.9468840583556577e+01
2.0469000000000000e+02 5.2759999999999998e+01
2.0586000000000001e+02 5.3180000000000000e+01
2.0758000000000001e+02 7.5305982992162797e+01
2.0950000000000000e+02 5.4460000000000001e+01
2.1065000000000001e+02 5.4829999999999998e+01
2.1233000000000001e+02 5.5399999999999999e+01
2.1543000000000001e+02 5.6430000000000000e+01
2.1716000000000000e+02 5.7030000000000001e+01
2.2021000000000001e+02 2.7361521213286167e+01
2.2197999999999999e+02 5.8609999999999999e+01
2.2506000000000000e+02 5.9579999999999998e+01
2.2678999999999999e+02 6.0109999999999999e+01
2.2991999999999999e+02 6.1100000000000001e+01
2.3169000000000000e+02 6.1649999999999999e+01
2.3477000000000001e+02 6.2590000000000003e+01
2.3659999999999999e+02 6.3119999999999997e+01
2.3963000000000000e+02 6.4030000000000001e+01
2.4150000000000000e+02 6.4620000000000005e+01
2.4447999999999999e+02 6.5489999999999995e+01
2.4640000000000001e+02 6.6030000000000001e+01
2.4934999999999999e+02 6.6890000000000001e+01
2.5131999999999999e+02 6.7420000000000002e+01
2.5422000000000000e+02 6.8230000000000004e+01
2.5624000000000001e+02 6.8769999999999996e+01
2.5911000000000001e+02 6.9590000000000003e+01
2.6118000000000001e+02 9.4704226432679761e+01
2.6401999999999998e+02 7.0859999999999999e+01
2.6613000000000000e+02 7.1430000000000007e+01
2.6894000000000000e+02 7.2159999999999997e+01
2.7108999999999997e+02 7.2700000000000003e+01
2.7387000000000000e+02 4.6183658131647242e+01
2.7607999999999998e+02 7.3930000000000007e+01
2.7882999999999998e+02 7.4599999999999994e+01
2.8107999999999998e+02 7.5159999999999997e+01
2.8381000000000000e+02 7.5819999999999993e+01
2.8611000000000001e+02 7.6340000000000003e+01
2.8881000000000000e+02 7.6980000000000004e+01
2.9107999999999998e+02 7.7480000000000004e+01
2.9375000000000000e+02 7.8079999999999998e+01
2.9599000000000001e+02 7.8599999999999994e+01
2.9863999999999999e+02 7.9170000000000002e+01
3.0083999999999997e+02 7.9620000000000005e+01
3.0201999999999998e+02 7.9879999999999995e+01
3.0348000000000002e+02 8.0189999999999998e+01
3.0564999999999998e+02 8.0659999999999997e+01
3.0826999999999998e+02 8.1219999999999999e+01
3.1041000000000003e+02 8.1659999999999997e+01
3.1300999999999999e+02 8.2159999999999997e+01
3.1512000000000000e+02 8.2590000000000003e+01
3.1770999999999998e+02 8.3140000000000001e+01
3.1979000000000002e+02 8.3500000000000000e+01
3.2236000000000001e+02 8.4000000000000000e+01
3.2442000000000002e+02 8.4400000000000006e+01
3.2698000000000002e+02 8.4890000000000001e+01
3.2900999999999999e+02 8.5260000000000005e+01
3.3156000000000000e+02 8.5739999999999995e+01
3.3356000000000000e+02 8.6069999999999993e+01
3.3610000000000002e+02 8.6540000000000006e+01
3.3807999999999998e+02 8.6890000000000001e+01
3.4060000000000002e+02 8.7319999999999993e+01
3.4256999999999999e+02 8.7650000000000006e+01
3.4507999999999998e+02 8.8099999999999994e+01
3.4701999999999998e+02 1.1744866820571006e+02
3.4951999999999998e+02 8.8829999999999998e+01
3.5144000000000000e+02 8.9120000000000005e+01
3.5393000000000001e+02 8.9540000000000006e+01
3.5582999999999998e+02 8.9849999999999994e+01
3.5831999999999999e+02 9.0250000000000000e+01
3.6019999999999999e+02 6.4504471399820773e+01
3.6267000000000002e+02 1.1540141574220110e+02
3.6452999999999997e+02 9.1200000000000003e+01
3.6700000000000000e+02 9.1549999999999997e+01
3.7130000000000001e+02 9.2200000000000003e+01
11
29
37
39
51
74
75
78
81
87
104
109
141
147
148
