Lanczos3_10
7 6 24 2
8.6816414977000014e-03 2.9999999999999999e-02 8.4400777463000010e-02 2.9515951831999998e-01 1.5825685901000000e-01 4.9863565084000006e-01
1.7999999999999998e+00 1.4324715225750000e+00 8.3999999999999986e+00 8.2500000000000000e+00 9.7500000000000000e+00 1.1399999999999999e+01
1.2000000000000000e+00 2.9999999999999999e-01 5.5999999999999996e+00 5.5000000000000000e+00 6.5000000000000000e+00 7.5999999999999996e+00
5.0000000000000000e-01 6.9999999999999996e-01 3.6000000000000001e+00 4.2000000000000002e+00 4.0000000000000000e+00 6.2999999999999998e+00
8.6816414977000003e-02 9.5498101504999999e-01 8.4400777462999999e-01 2.9515951831999998e+00 1.5825685901000000e+00 4.9863565084000001e+00
0.0000000000000000e+00 2.5133999999999999e+00
5.0000000000000003e-02 2.9383713352300220e+00
1.0000000000000001e-01 9.6824336137955014e-01
1.4999999999999999e-01 1.3664000000000001e+00
2.0000000000000001e-01 1.1232000000000000e+00
2.5000000000000000e-01 9.2689999999999995e-01
2.9999999999999999e-01 7.6790000000000003e-01
3.4999999999999998e-01 6.3890000000000002e-01
4.0000000000000002e-01 5.3380000000000005e-01
4.5000000000000001e-01 4.4790000000000002e-01
5.0000000000000000e-01 3.7759999999999999e-01
5.5000000000000004e-01 3.1969999999999998e-01
5.9999999999999998e-01 2.7200000000000002e-01
6.5000000000000002e-01 2.3250000000000001e-01
6.9999999999999996e-01 1.9969999999999999e-01
7.5000000000000000e-01 1.7230000000000001e-01
8.0000000000000004e-01 1.4929999999999999e-01
8.4999999999999998e-01 1.3009999999999999e-01
9.0000000000000002e-01 1.1380000000000000e-01
9.4999999999999996e-01 1.0000000000000001e-01
1.0000000000000000e+00 8.8300000000000003e-02
1.0500000000000000e+00 7.8299999999999995e-02
1.1000000000000001e+00 6.9800000000000001e-02
1.1499999999999999e+00 6.2399999999999997e-02
2
3
