Poly_ref
1 4 46 10
-1.0000000000000000e+01 -1.0000000000000000e+01 -1.0000000000000000e+01 -1.0000000000000000e+01
1.0000000000000000e+01 1.0000000000000000e+01 1.0000000000000000e+01 1.0000000000000000e+01
6.4602000000000004e+00 2.7071999999999998e+00 -7.5418000000000003e+00 2.1604000000000001e+00
6.4602000000000004e+00 2.7071999999999998e+00 -7.5418000000000003e+00 2.1604000000000001e+00
6.4602000000000004e+00 2.7071999999999998e+00 -7.5418000000000003e+00 2.1604000000000001e+00
-1.0000000000000000e+00 -5.7999999999999998e+00
-9.0000000000000002e-01 -5.1589999999999998e+00
-8.0000000000000004e-01 -4.2320000000000002e+00
-6.9999999999999996e-01 -3.4129999999999998e+00
-5.9999999999999998e-01 -2.6960000000000002e+00
-5.0000000000000000e-01 -1.6750000000000000e+00
-4.0000000000000002e-01 1.0000000000000000e+01
-2.9999999999999999e-01 1.0000000000000000e+01
-2.0000000000000001e-01 1.0000000000000000e+01
-1.0000000000000001e-01 1.0000000000000000e+01
0.0000000000000000e+00 1.0000000000000000e+01
1.0000000000000001e-01 1.0000000000000000e+01
2.0000000000000001e-01 1.0000000000000000e+01
2.9999999999999999e-01 1.0000000000000000e+01
4.0000000000000002e-01 1.0000000000000000e+01
5.0000000000000000e-01 1.0000000000000000e+01
5.9999999999999998e-01 5.3600000000000003e-01
6.9999999999999996e-01 4.7299999999999998e-01
8.0000000000000004e-01 -8.0000000000000002e-03
9.0000000000000002e-01 2.9899999999999999e-01
1.0000000000000000e+00 2.0000000000000001e-01
1.1000000000000001e+00 -2.9899999999999999e-01
1.2000000000000000e+00 8.0000000000000002e-03
1.3000000000000000e+00 -7.2999999999999995e-02
1.3999999999999999e+00 -5.3600000000000003e-01
1.5000000000000000e+00 -5.7499999999999996e-01
1.6000000000000001e+00 -5.8399999999999996e-01
1.7000000000000000e+00 -5.5700000000000005e-01
1.8000000000000000e+00 -4.8799999999999999e-01
1.8999999999999999e+00 2.9000000000000001e-02
2.0000000000000000e+00 -2.0000000000000001e-01
2.1000000000000001e+00 3.1000000000000000e-02
2.2000000000000002e+00 3.2800000000000001e-01
2.2999999999999998e+00 1.0970000000000000e+00
2.3999999999999999e+00 1.1439999999999999e+00
2.5000000000000000e+00 1.6750000000000000e+00
2.6000000000000001e+00 2.2959999999999998e+00
2.7000000000000002e+00 3.4129999999999998e+00
2.7999999999999998e+00 4.2320000000000002e+00
2.8999999999999999e+00 5.1589999999999998e+00
3.0000000000000000e+00 6.2000000000000002e+00
3.1000000000000001e+00 6.9610000000000003e+00
3.2000000000000002e+00 8.6479999999999997e+00
3.2999999999999998e+00 9.6669999999999998e+00
3.3999999999999999e+00 1.1224000000000000e+01
3.5000000000000000e+00 1.2925000000000001e+01
7
8
9
10
11
12
13
14
15
16
