Rat43_10
5 4 15 2
1.0000000000000000e+01 5.0000000000000000e-01 7.5000000000000011e-02 1.0000000000000001e-01
1.0500000000000000e+03 1.5000000000000000e+01 1.5000000000000000e+00 1.9500000000000002e+00
1.0000000000000000e+02 1.0000000000000000e+01 1.0000000000000000e+00 1.0000000000000000e+00
7.0000000000000000e+02 5.0000000000000000e+00 7.5000000000000000e-01 1.3000000000000000e+00
6.9964151270000002e+02 5.2771253025000000e+00 7.5962938328999996e-01 1.2792483858999999e+00
1.0000000000000000e+00 1.6079999999999998e+01
2.0000000000000000e+00 3.3829999999999998e+01
3.0000000000000000e+00 6.5799999999999997e+01
4.0000000000000000e+00 9.7200000000000003e+01
5.0000000000000000e+00 1.9155000000000001e+02
6.0000000000000000e+00 3.2619999999999999e+02
7.0000000000000000e+00 3.8687000000000000e+02
8.0000000000000000e+00 5.2052999999999997e+02
9.0000000000000000e+00 5.9002999999999997e+02
1.0000000000000000e+01 1.1746026550492629e+03
1.1000000000000000e+01 7.2492999999999995e+02
1.2000000000000000e+01 1.8477176296375376e+02
1.3000000000000000e+01 6.8996000000000004e+02
1.4000000000000000e+01 6.3755999999999995e+02
1.5000000000000000e+01 7.1740999999999997e+02
10
12
